Parent ID,Parent Name,Triggered 10 Year Mean Count,Triggered 1 Day Prob,Triggered 1 Week Prob,Triggered 1 Month Prob,Triggered 1 Year Prob,Triggered 10 Year Prob,Triggered 10 Year Primary Mean Count
861,Airport Lake,0.0059759384,0.0021444,0.0028539442,0.0035004178,0.0049037384,0.0059759384,0.0038630737
667,Almanor 2011 CFM,0.0,0.0,0.0,0.0,0.0,0.0,0.0
219,Anacapa-Dume alt 1,0.0,0.0,0.0,0.0,0.0,0.0,0.0
197,Anaheim,0.0,0.0,0.0,0.0,0.0,0.0,0.0
722,Antelope Valley 2011,0.0,0.0,0.0,0.0,0.0,0.0,0.0
845,Ash Hill,0.0,0.0,0.0,0.0,0.0,0.0,0.0
881,Baker,3.1535295E-5,0.0,1.5767648E-5,3.1535295E-5,3.1535295E-5,3.1535295E-5,1.5767648E-5
668,Bartlett Springs 2011 CFM,0.0,0.0,0.0,0.0,0.0,0.0,0.0
669,Battle Creek 2011 CFM,0.0,0.0,0.0,0.0,0.0,0.0,0.0
842,Bear River fault zone,0.0,0.0,0.0,0.0,0.0,0.0,0.0
581,Bennett Valley 2011 CFM,0.0,0.0,0.0,0.0,0.0,0.0,0.0
158,Bicycle Lake,0.0,0.0,0.0,0.0,0.0,0.0,0.0
741,Big Lagoon - Bald Mtn 2011 CFM,0.0,0.0,0.0,0.0,0.0,0.0,0.0
192,Big Pine (Central),0.0,0.0,0.0,0.0,0.0,0.0,0.0
191,Big Pine (East),1.5767648E-5,0.0,0.0,0.0,0.0,1.5767648E-5,0.0
200,Big Pine (West),1.5767648E-5,0.0,1.5767648E-5,1.5767648E-5,1.5767648E-5,1.5767648E-5,0.0
87,Blackwater,6.307059E-5,0.0,0.0,0.0,1.5767648E-5,6.307059E-5,1.5767648E-5
169,Blue Cut,0.0,0.0,0.0,0.0,0.0,0.0,0.0
170,Brawley (Seismic Zone) alt 1,9.4605886E-5,0.0,1.5767648E-5,4.7302943E-5,7.883824E-5,9.4605886E-5,1.5767648E-5
541,Breckenridge 2011,1.5767648E-5,0.0,0.0,0.0,1.5767648E-5,1.5767648E-5,0.0
882,Bullion Mountains,1.5767648E-5,0.0,0.0,0.0,0.0,1.5767648E-5,0.0
94,Burnt Mtn,0.0,0.0,0.0,0.0,0.0,0.0,0.0
561,Butano 2011 CFM,0.0,0.0,0.0,0.0,0.0,0.0,0.0
165,Cady,1.5767648E-5,1.5767648E-5,1.5767648E-5,1.5767648E-5,1.5767648E-5,1.5767648E-5,0.0
602,Calaveras (Central) 2011 CFM,0.0,0.0,0.0,0.0,0.0,0.0,0.0
601,Calaveras (No) 2011 CFM,0.0,0.0,0.0,0.0,0.0,0.0,0.0
621,Calaveras (So) - Paicines extension 2011 CFM,0.0,0.0,0.0,0.0,0.0,0.0,0.0
603,Calaveras (So) 2011 CFM,0.0,0.0,0.0,0.0,0.0,0.0,0.0
88,Calico-Hidalgo,1.8921177E-4,4.7302943E-5,7.883824E-5,7.883824E-5,1.2614118E-4,1.8921177E-4,4.7302943E-5
724,Camp Rock 2011,4.7302943E-5,0.0,0.0,0.0,1.5767648E-5,4.7302943E-5,0.0
173,Canada David (Detachment),0.0,0.0,0.0,0.0,0.0,0.0,0.0
176,Carlsbad,0.0,0.0,0.0,0.0,0.0,0.0,0.0
721,Carson Range (Genoa),0.0,0.0,0.0,0.0,0.0,0.0,0.0
670,Casmalia 2011 CFM,3.1535295E-5,0.0,0.0,0.0,1.5767648E-5,3.1535295E-5,0.0
34,Cedar Mtn-Mahogany Mtn,0.0,0.0,0.0,0.0,0.0,0.0,0.0
172,Cerro Prieto,0.0,0.0,0.0,0.0,0.0,0.0,0.0
129,Channel Islands Thrust,1.5767648E-5,0.0,1.5767648E-5,1.5767648E-5,1.5767648E-5,1.5767648E-5,1.5767648E-5
214,Channel Islands Western Deep Ramp,0.0,0.0,0.0,0.0,0.0,0.0,0.0
238,Chino alt 1,0.0,0.0,0.0,0.0,0.0,0.0,0.0
124,Clamshell-Sawpit,1.5767648E-5,0.0,0.0,0.0,1.5767648E-5,1.5767648E-5,0.0
844,Clayton,0.0,0.0,0.0,0.0,0.0,0.0,0.0
81,Cleghorn,1.5767648E-5,0.0,0.0,0.0,1.5767648E-5,1.5767648E-5,0.0
884,Cleghorn Lake,0.0,0.0,0.0,0.0,0.0,0.0,0.0
883,Cleghorn Pass,0.0,0.0,0.0,0.0,0.0,0.0,0.0
582,Collayami 2011 CFM,0.0,0.0,0.0,0.0,0.0,0.0,0.0
184,Compton,0.0,0.0,0.0,0.0,0.0,0.0,0.0
622,Concord 2011 CFM,1.5767648E-5,0.0,0.0,0.0,1.5767648E-5,1.5767648E-5,0.0
626,Contra Costa (Lafayette) 2011 CFM,0.0,0.0,0.0,0.0,0.0,0.0,0.0
633,Contra Costa Shear Zone (connector) 2011 CFM,0.0,0.0,0.0,0.0,0.0,0.0,0.0
776,Coronado Bank alt1,0.0,0.0,0.0,0.0,0.0,0.0,0.0
157,Coyote Canyon,0.0,0.0,0.0,0.0,0.0,0.0,0.0
163,Coyote Lake,0.0,0.0,0.0,0.0,0.0,0.0,0.0
125,Cucamonga,1.5767648E-5,0.0,0.0,0.0,1.5767648E-5,1.5767648E-5,0.0
894,Davis Creek,0.0,0.0,0.0,0.0,0.0,0.0,0.0
245,Death Valley (Black Mtns Frontal),3.1535295E-4,4.7302943E-5,9.4605886E-5,1.10373534E-4,1.7344413E-4,3.1535295E-4,4.7302943E-5
45,Death Valley (Fish Lake Valley),1.8921177E-4,3.1535295E-5,3.1535295E-5,4.7302943E-5,6.307059E-5,1.8921177E-4,3.1535295E-5
46,Death Valley (No),2.5228236E-4,6.307059E-5,9.4605886E-5,1.10373534E-4,1.2614118E-4,2.5228236E-4,6.307059E-5
246,Death Valley (So),9.1452355E-4,6.307059E-5,2.5228236E-4,3.7842355E-4,6.307059E-4,9.1452355E-4,7.883824E-5
51,Deep Springs,0.0,0.0,0.0,0.0,0.0,0.0,0.0
230,Del Valle,0.0,0.0,0.0,0.0,0.0,0.0,0.0
889,Dog Valley,0.0,0.0,0.0,0.0,0.0,0.0,0.0
888,Dry Mountain,0.0,0.0,0.0,0.0,0.0,0.0,0.0
249,Earthquake Valley,3.1535295E-5,0.0,0.0,1.5767648E-5,3.1535295E-5,3.1535295E-5,0.0
255,Earthquake Valley (No  Extension),3.1535295E-5,0.0,0.0,1.5767648E-5,3.1535295E-5,3.1535295E-5,0.0
256,Earthquake Valley (So Extension),3.1535295E-5,0.0,0.0,1.5767648E-5,3.1535295E-5,3.1535295E-5,0.0
671,East Huasna 2011 CFM,0.0,0.0,0.0,0.0,0.0,0.0,0.0
672,Eaton Roughs 2011 CFM,0.0,0.0,0.0,0.0,0.0,0.0,0.0
96,Elmore Ranch,0.0,0.0,0.0,0.0,0.0,0.0,0.0
103,Elsinore (Coyote Mountains),0.0,0.0,0.0,0.0,0.0,0.0,0.0
296,Elsinore (Glen Ivy) rev,1.5767648E-5,0.0,1.5767648E-5,1.5767648E-5,1.5767648E-5,1.5767648E-5,0.0
102,Elsinore (Julian),0.0,0.0,0.0,0.0,0.0,0.0,0.0
402,Elsinore (Stepovers Combined),1.5767648E-5,0.0,1.5767648E-5,1.5767648E-5,1.5767648E-5,1.5767648E-5,0.0
299,Elsinore (Temecula) rev,1.5767648E-5,0.0,1.5767648E-5,1.5767648E-5,1.5767648E-5,1.5767648E-5,0.0
196,Elysian Park (Lower CFM),0.0,0.0,0.0,0.0,0.0,0.0,0.0
146,Elysian Park (Upper),4.7302943E-5,1.5767648E-5,1.5767648E-5,3.1535295E-5,4.7302943E-5,4.7302943E-5,0.0
90,Emerson-Copper Mtn 2011,1.5767648E-5,0.0,0.0,0.0,0.0,1.5767648E-5,0.0
95,Eureka Peak,0.0,0.0,0.0,0.0,0.0,0.0,0.0
20,Fickle Hill (alt1),0.0,0.0,0.0,0.0,0.0,0.0,0.0
698,Fish Slough 2011 CFM,1.5767648E-5,0.0,0.0,0.0,1.5767648E-5,1.5767648E-5,1.5767648E-5
893,Fitzhugh Creek,0.0,0.0,0.0,0.0,0.0,0.0,0.0
204,Fontana (Seismicity),0.0,0.0,0.0,0.0,0.0,0.0,0.0
634,Franklin 2011 CFM,0.0,0.0,0.0,0.0,0.0,0.0,0.0
699,Garberville - Briceland 2011 CFM,0.0,0.0,0.0,0.0,0.0,0.0,0.0
159,Garlic Springs,0.0,0.0,0.0,0.0,0.0,0.0,0.0
341,Garlock (Central),0.029863926,0.008057268,0.0119361095,0.015263083,0.022106243,0.029375128,0.013765156
48,Garlock (East),0.008293782,0.0020970972,0.0034846503,0.004257265,0.0063385945,0.00824648,0.0036423267
49,Garlock (West),0.0057551917,0.0015609971,0.0023178442,0.0029170148,0.0044149416,0.0057551917,0.002775106
700,Gillem - Big Crack 2011 CFM,0.0,0.0,0.0,0.0,0.0,0.0,0.0
160,Goldstone Lake,4.7302943E-5,0.0,0.0,0.0,0.0,4.7302943E-5,0.0
701,Goose Lake 2011 CFM,0.0,0.0,0.0,0.0,0.0,0.0,0.0
86,Gravel Hills-Harper Lk,4.7302943E-5,0.0,0.0,0.0,1.5767648E-5,4.7302943E-5,0.0
131,Great Valley 01,0.0,0.0,0.0,0.0,0.0,0.0,0.0
133,Great Valley 02,0.0,0.0,0.0,0.0,0.0,0.0,0.0
132,Great Valley 03 Mysterious Ridge,1.5767648E-5,0.0,0.0,1.5767648E-5,1.5767648E-5,1.5767648E-5,0.0
383,Great Valley 03a Dunnigan Hills,0.0,0.0,0.0,0.0,0.0,0.0,0.0
134,Great Valley 04a Trout Creek,1.5767648E-5,0.0,0.0,1.5767648E-5,1.5767648E-5,1.5767648E-5,0.0
381,Great Valley 04b Gordon Valley,0.0,0.0,0.0,0.0,0.0,0.0,0.0
717,Great Valley 05 Pittsburg - Kirby Hills alt1,0.0,0.0,0.0,0.0,0.0,0.0,0.0
645,Great Valley 06 (Midland) 2011 CFM alt1,1.5767648E-5,1.5767648E-5,1.5767648E-5,1.5767648E-5,1.5767648E-5,1.5767648E-5,1.5767648E-5
136,Great Valley 07 (Orestimba),0.0,0.0,0.0,0.0,0.0,0.0,0.0
137,Great Valley 08 (Quinto),0.0,0.0,0.0,0.0,0.0,0.0,0.0
151,Great Valley 09 (Laguna Seca),0.0,0.0,0.0,0.0,0.0,0.0,0.0
138,Great Valley 10 (Panoche),0.0,0.0,0.0,0.0,0.0,0.0,0.0
139,Great Valley 11,0.0,0.0,0.0,0.0,0.0,0.0,0.0
140,Great Valley 12,0.0,0.0,0.0,0.0,0.0,0.0,0.0
142,Great Valley 13 (Coalinga),0.0,0.0,0.0,0.0,0.0,0.0,0.0
141,Great Valley 14 (Kettleman Hills),0.0,0.0,0.0,0.0,0.0,0.0,0.0
623,Green Valley 2011 CFM,1.5767648E-5,0.0,0.0,0.0,1.5767648E-5,1.5767648E-5,0.0
636,Greenville (No) 2011 CFM,1.5767648E-5,0.0,0.0,0.0,1.5767648E-5,1.5767648E-5,0.0
635,Greenville (So) 2011 CFM,1.5767648E-5,0.0,0.0,0.0,1.5767648E-5,1.5767648E-5,0.0
702,Hartley Springs 2011 CFM,0.0,0.0,0.0,0.0,0.0,0.0,0.0
37,Hat Creek-McArthur-Mayfield,0.0,0.0,0.0,0.0,0.0,0.0,0.0
639,Hayward (No) 2011 CFM,0.0,0.0,0.0,0.0,0.0,0.0,0.0
638,Hayward (So) 2011 CFM,0.0,0.0,0.0,0.0,0.0,0.0,0.0
637,Hayward (So) extension 2011 CFM,0.0,0.0,0.0,0.0,0.0,0.0,0.0
167,Hector Mine,1.5767648E-5,0.0,0.0,0.0,0.0,1.5767648E-5,0.0
84,Helendale-So Lockhart,1.2614118E-4,1.5767648E-5,1.5767648E-5,3.1535295E-5,7.883824E-5,1.2614118E-4,3.1535295E-5
703,Hilton Creek 2011 CFM,0.0,0.0,0.0,0.0,0.0,0.0,0.0
108,Hollywood,3.1535295E-5,3.1535295E-5,3.1535295E-5,3.1535295E-5,3.1535295E-5,3.1535295E-5,0.0
228,Holser alt 1,1.5767648E-5,0.0,0.0,0.0,1.5767648E-5,1.5767648E-5,0.0
723,Homestead Valley 2011,0.0,0.0,0.0,0.0,0.0,0.0,0.0
704,Honey Lake 2011 CFM,0.0,0.0,0.0,0.0,0.0,0.0,0.0
30,Hosgri,3.1535295E-5,0.0,0.0,0.0,0.0,3.1535295E-5,0.0
208,Hosgri (Extension),0.0,0.0,0.0,0.0,0.0,0.0,0.0
50,Hunter Mountain-Saline Valley,0.008798348,0.002333612,0.0033742767,0.0044464767,0.00637013,0.008766812,0.0034373472
677,Hunting Creek - Bartlett Springs connector 2011,0.0,0.0,0.0,0.0,0.0,0.0,0.0
640,Hunting Creek - Berryessa 2011 CFM,0.0,0.0,0.0,0.0,0.0,0.0,0.0
97,Imperial,9.4605886E-5,0.0,1.5767648E-5,4.7302943E-5,7.883824E-5,9.4605886E-5,1.5767648E-5
678,Incline Village 2011 CFM,0.0,0.0,0.0,0.0,0.0,0.0,0.0
65,Independence rev 2011,4.257265E-4,1.10373534E-4,1.5767648E-4,2.0497943E-4,3.311206E-4,4.257265E-4,1.4190884E-4
892,Jess Valley,0.0,0.0,0.0,0.0,0.0,0.0,0.0
91,Johnson Valley (No) 2011 rev,0.0,0.0,0.0,0.0,0.0,0.0,0.0
168,Joshua Tree (Seismicity),0.0,0.0,0.0,0.0,0.0,0.0,0.0
679,Keddie Ridge 2011 CFM,0.0,0.0,0.0,0.0,0.0,0.0,0.0
542,Kern Canyon (Lake Isabella) 2011,4.7302943E-5,1.5767648E-5,3.1535295E-5,3.1535295E-5,4.7302943E-5,4.7302943E-5,0.0
544,Kern Canyon (North Kern) 2011,7.883824E-5,1.5767648E-5,1.5767648E-5,1.5767648E-5,3.1535295E-5,7.883824E-5,3.1535295E-5
543,Kern Canyon (South Kern) 2011,7.883824E-5,1.5767648E-5,3.1535295E-5,3.1535295E-5,4.7302943E-5,7.883824E-5,3.1535295E-5
92,Kickapoo,0.0,0.0,0.0,0.0,0.0,0.0,0.0
680,King Range 2011 CFM,0.0,0.0,0.0,0.0,0.0,0.0,0.0
641,La Panza 2011,1.5767648E-5,0.0,1.5767648E-5,1.5767648E-5,1.5767648E-5,1.5767648E-5,0.0
104,Laguna Salada,0.0,0.0,0.0,0.0,0.0,0.0,0.0
207,Lake Isabella (Seismicity),7.883824E-5,4.7302943E-5,6.307059E-5,6.307059E-5,6.307059E-5,7.883824E-5,4.7302943E-5
642,Las Positas,0.0,0.0,0.0,0.0,0.0,0.0,0.0
890,Last Chance,0.0,0.0,0.0,0.0,0.0,0.0,0.0
85,Lenwood-Lockhart-Old Woman Springs,2.0497943E-4,0.0,3.1535295E-5,7.883824E-5,1.4190884E-4,2.0497943E-4,1.5767648E-5
705,Likely 2011 CFM,0.0,0.0,0.0,0.0,0.0,0.0,0.0
681,Lions Head 2011 CFM,0.0,0.0,0.0,0.0,0.0,0.0,0.0
144,Little Lake,0.007221583,0.0026805,0.0036107914,0.0043518706,0.005912868,0.007221583,0.0046356884
16,Little Salmon (Offshore),0.0,0.0,0.0,0.0,0.0,0.0,0.0
17,Little Salmon (Onshore),0.0,0.0,0.0,0.0,0.0,0.0,0.0
683,Los Alamos 2011 CFM,3.1535295E-5,0.0,0.0,0.0,1.5767648E-5,3.1535295E-5,0.0
780,Los Alamos extension,3.1535295E-5,0.0,0.0,0.0,1.5767648E-5,3.1535295E-5,0.0
643,Los Medanos - Roe Island,0.0,0.0,0.0,0.0,0.0,0.0,0.0
74,Los Osos 2011,1.5767648E-5,0.0,0.0,0.0,0.0,1.5767648E-5,0.0
201,Lost Hills,0.0,0.0,0.0,0.0,0.0,0.0,0.0
166,Ludlow,0.0,0.0,0.0,0.0,0.0,0.0,0.0
644,Maacama 2011 CFM,0.0,0.0,0.0,0.0,0.0,0.0,0.0
22,Mad River (alt1),0.0,0.0,0.0,0.0,0.0,0.0,0.0
221,Malibu Coast (Extension) alt 1,3.1535295E-5,1.5767648E-5,3.1535295E-5,3.1535295E-5,3.1535295E-5,3.1535295E-5,1.5767648E-5
220,Malibu Coast alt 1,1.5767648E-5,1.5767648E-5,1.5767648E-5,1.5767648E-5,1.5767648E-5,1.5767648E-5,0.0
164,Manix-Afton Hills,9.4605886E-5,3.1535295E-5,4.7302943E-5,4.7302943E-5,6.307059E-5,9.4605886E-5,1.5767648E-5
21,McKinleyville (alt1),0.0,0.0,0.0,0.0,0.0,0.0,0.0
155,McLean Lake,0.0,0.0,0.0,0.0,0.0,0.0,0.0
13,Mendocino,0.0,0.0,0.0,0.0,0.0,0.0,0.0
605,Mission (connected) 2011 CFM,0.0,0.0,0.0,0.0,0.0,0.0,0.0
250,Mission Creek,1.4190884E-4,4.7302943E-5,6.307059E-5,7.883824E-5,1.10373534E-4,1.4190884E-4,6.307059E-5
779,Mission Hills 2011,0.0,0.0,0.0,0.0,0.0,0.0,0.0
78,Mission Ridge-Arroyo Parida-Santa Ana,6.307059E-5,0.0,0.0,3.1535295E-5,3.1535295E-5,6.307059E-5,1.5767648E-5
686,Mohawk Valley 2011 CFM,0.0,0.0,0.0,0.0,0.0,0.0,0.0
707,Mono Lake 2011 CFM,0.0,0.0,0.0,0.0,0.0,0.0,0.0
646,Monte Vista - Shannon 2011 CFM,0.0,0.0,0.0,0.0,0.0,0.0,0.0
11,Monterey Bay-Tularcitos,0.0,0.0,0.0,0.0,0.0,0.0,0.0
188,Morales (East),0.0,0.0,0.0,0.0,0.0,0.0,0.0
187,Morales (West),0.0,0.0,0.0,0.0,0.0,0.0,0.0
711,Mount Diablo Thrust North CFM,1.5767648E-5,0.0,0.0,0.0,1.5767648E-5,1.5767648E-5,0.0
713,Mount Diablo Thrust South,0.0,0.0,0.0,0.0,0.0,0.0,0.0
156,Nelson Lake,0.0,0.0,0.0,0.0,0.0,0.0,0.0
122,Newport-Inglewood (Offshore),0.0,0.0,0.0,0.0,0.0,0.0,0.0
235,Newport-Inglewood alt 1,0.0,0.0,0.0,0.0,0.0,0.0,0.0
83,North Frontal  (East),0.0,0.0,0.0,0.0,0.0,0.0,0.0
82,North Frontal  (West),0.0,0.0,0.0,0.0,0.0,0.0,0.0
199,North Salt Lake,0.0,0.0,0.0,0.0,0.0,0.0,0.0
687,North Tahoe 2011 CFM,0.0,0.0,0.0,0.0,0.0,0.0,0.0
130,Northridge,3.1535295E-5,0.0,0.0,0.0,0.0,3.1535295E-5,1.5767648E-5
211,Northridge Hills,0.0,0.0,0.0,0.0,0.0,0.0,0.0
116,Oak Ridge (Onshore),4.7302943E-5,0.0,0.0,0.0,0.0,3.1535295E-5,1.5767648E-5
709,Oceanic - West Huasna,0.0,0.0,0.0,0.0,0.0,0.0,0.0
777,Oceanside alt1,1.5767648E-5,0.0,0.0,0.0,0.0,1.5767648E-5,0.0
921,Ortigalita (North),0.0,0.0,0.0,0.0,0.0,0.0,0.0
9,Ortigalita (South),0.0,0.0,0.0,0.0,0.0,0.0,0.0
64,Owens Valley,5.2033237E-4,1.8921177E-4,2.6805E-4,2.6805E-4,3.941912E-4,5.2033237E-4,3.1535295E-4
891,Owens Valley Keough Hot Springs,4.7302943E-5,1.5767648E-5,1.5767648E-5,1.5767648E-5,3.1535295E-5,4.7302943E-5,1.5767648E-5
47,Owl Lake,0.010343577,0.0029327825,0.0041941945,0.0055659795,0.007931127,0.010343577,0.0052190917
841,Ozena,1.5767648E-5,0.0,0.0,0.0,0.0,1.5767648E-5,0.0
109,Palos Verdes,0.0,0.0,0.0,0.0,0.0,0.0,0.0
244,Panamint Valley,0.012424907,0.003090459,0.0044937795,0.006039009,0.008956024,0.012377604,0.0047775973
162,Paradise,1.4190884E-4,1.5767648E-5,4.7302943E-5,4.7302943E-5,9.4605886E-5,1.4190884E-4,4.7302943E-5
186,Peralta Hills,0.0,0.0,0.0,0.0,0.0,0.0,0.0
647,Pilarcitos 2011 CFM,0.0,0.0,0.0,0.0,0.0,0.0,0.0
193,Pine Mtn,9.4605886E-5,0.0,1.5767648E-5,3.1535295E-5,6.307059E-5,9.4605886E-5,0.0
93,Pinto Mtn,7.883824E-5,0.0,0.0,0.0,0.0,7.883824E-5,0.0
89,Pisgah-Bullion Mtn-Mesquite Lk,1.5767648E-5,0.0,0.0,0.0,0.0,1.5767648E-5,0.0
212,Pitas Point (Lower West),3.1535295E-5,0.0,0.0,0.0,0.0,3.1535295E-5,0.0
215,Pitas Point (Lower)-Montalvo,1.5767648E-5,0.0,0.0,0.0,0.0,1.5767648E-5,0.0
688,Pittville 2011 CFM,0.0,0.0,0.0,0.0,0.0,0.0,0.0
58,Pleito,4.7302943E-5,0.0,1.5767648E-5,1.5767648E-5,4.7302943E-5,4.7302943E-5,1.5767648E-5
666,Point Reyes 2011 CFM,0.0,0.0,0.0,0.0,0.0,0.0,0.0
843,Point Reyes 2011 connector,0.0,0.0,0.0,0.0,0.0,0.0,0.0
545,Polaris 2011 CFM,0.0,0.0,0.0,0.0,0.0,0.0,0.0
240,Puente Hills,3.1535295E-5,1.5767648E-5,1.5767648E-5,1.5767648E-5,3.1535295E-5,3.1535295E-5,0.0
648,Quien Sabe 2011 CFM,0.0,0.0,0.0,0.0,0.0,0.0,0.0
152,Raymond,4.7302943E-5,1.5767648E-5,1.5767648E-5,3.1535295E-5,4.7302943E-5,4.7302943E-5,0.0
118,Red Mountain,9.4605886E-5,0.0,0.0,1.5767648E-5,3.1535295E-5,9.4605886E-5,0.0
161,Red Pass,0.0,0.0,0.0,0.0,0.0,0.0,0.0
232,Redondo Canyon alt 1,0.0,0.0,0.0,0.0,0.0,0.0,0.0
649,Reliz 2011 CFM,0.0,0.0,0.0,0.0,0.0,0.0,0.0
205,Richfield,0.0,0.0,0.0,0.0,0.0,0.0,0.0
650,Rinconada 2011 CFM,0.0,0.0,0.0,0.0,0.0,0.0,0.0
38,Robinson Creek,0.0,0.0,0.0,0.0,0.0,0.0,0.0
689,Rocky Ledge 2011 CFM,0.0,0.0,0.0,0.0,0.0,0.0,0.0
651,Rodgers Creek - Healdsburg 2011 CFM,0.0,0.0,0.0,0.0,0.0,0.0,0.0
123,Rose Canyon,0.0,0.0,0.0,0.0,0.0,0.0,0.0
42,Round Valley,0.0,0.0,0.0,0.0,0.0,0.0,0.0
690,Russ 2011 CFM,0.0,0.0,0.0,0.0,0.0,0.0,0.0
287,San Andreas (Big Bend),3.7842355E-4,1.10373534E-4,1.4190884E-4,2.0497943E-4,2.8381767E-4,3.7842355E-4,1.4190884E-4
300,San Andreas (Carrizo) rev,4.257265E-4,1.10373534E-4,1.5767648E-4,2.3651472E-4,3.311206E-4,4.257265E-4,1.5767648E-4
285,San Andreas (Cholame) rev,3.626559E-4,1.10373534E-4,1.5767648E-4,2.0497943E-4,2.8381767E-4,3.626559E-4,1.2614118E-4
295,San Andreas (Coachella) rev,2.3651472E-4,4.7302943E-5,7.883824E-5,1.2614118E-4,2.0497943E-4,2.3651472E-4,3.1535295E-5
658,San Andreas (Creeping Section) 2011 CFM,1.2614118E-4,4.7302943E-5,6.307059E-5,7.883824E-5,1.2614118E-4,1.2614118E-4,6.307059E-5
286,San Andreas (Mojave N),0.0024755208,7.4107945E-4,0.0010248971,0.00134025,0.0019551883,0.0024439853,0.001119503
301,San Andreas (Mojave S),0.0019551883,5.361E-4,8.0415007E-4,0.0010248971,0.0015452295,0.0019551883,8.199177E-4
294,San Andreas (North Branch Mill Creek),1.4190884E-4,3.1535295E-5,3.1535295E-5,3.1535295E-5,1.10373534E-4,1.4190884E-4,4.7302943E-5
654,San Andreas (North Coast) 2011 CFM,0.0,0.0,0.0,0.0,0.0,0.0,0.0
653,San Andreas (Offshore) 2011 CFM,0.0,0.0,0.0,0.0,0.0,0.0,0.0
32,San Andreas (Parkfield),2.995853E-4,1.10373534E-4,1.4190884E-4,1.7344413E-4,2.5228236E-4,2.995853E-4,1.2614118E-4
655,San Andreas (Peninsula) 2011 CFM,0.0,0.0,0.0,0.0,0.0,0.0,0.0
282,San Andreas (San Bernardino N),0.0013244824,3.4688826E-4,5.2033237E-4,6.780089E-4,0.0010722,0.0013244824,5.361E-4
283,San Andreas (San Bernardino S),5.2033237E-4,2.0497943E-4,2.5228236E-4,3.311206E-4,4.257265E-4,5.2033237E-4,2.2074707E-4
284,San Andreas (San Gorgonio Pass-Garnet HIll),3.311206E-4,9.4605886E-5,1.2614118E-4,1.7344413E-4,2.8381767E-4,3.311206E-4,9.4605886E-5
657,San Andreas (Santa Cruz Mts) 2011 CFM,0.0,0.0,0.0,0.0,0.0,0.0,0.0
80,San Cayetano,9.4605886E-5,0.0,1.5767648E-5,3.1535295E-5,4.7302943E-5,9.4605886E-5,3.1535295E-5
178,San Clemente,0.0,0.0,0.0,0.0,0.0,0.0,0.0
774,San Diego Trough north alt1,0.0,0.0,0.0,0.0,0.0,0.0,0.0
177,San Diego Trough south,0.0,0.0,0.0,0.0,0.0,0.0,0.0
247,San Gabriel,4.7302943E-5,1.5767648E-5,1.5767648E-5,1.5767648E-5,3.1535295E-5,4.7302943E-5,1.5767648E-5
248,San Gabriel (Extension),1.5767648E-5,0.0,0.0,0.0,1.5767648E-5,1.5767648E-5,0.0
194,San Gorgonio Pass,3.1535295E-5,0.0,0.0,1.5767648E-5,3.1535295E-5,3.1535295E-5,0.0
660,San Gregorio (North) 2011 CFM,1.5767648E-5,1.5767648E-5,1.5767648E-5,1.5767648E-5,1.5767648E-5,1.5767648E-5,0.0
661,San Gregorio (South) 2011 CFM,0.0,0.0,0.0,0.0,0.0,0.0,0.0
293,San Jacinto (Anza) rev,1.8921177E-4,3.1535295E-5,6.307059E-5,9.4605886E-5,1.4190884E-4,1.8921177E-4,4.7302943E-5
99,San Jacinto (Borrego),9.4605886E-5,0.0,1.5767648E-5,3.1535295E-5,4.7302943E-5,9.4605886E-5,1.5767648E-5
292,San Jacinto (Clark) rev,7.883824E-5,3.1535295E-5,3.1535295E-5,4.7302943E-5,6.307059E-5,7.883824E-5,1.5767648E-5
101,San Jacinto (Coyote Creek),1.10373534E-4,0.0,3.1535295E-5,4.7302943E-5,6.307059E-5,1.10373534E-4,3.1535295E-5
901,San Jacinto (Lytle Creek connector),7.883824E-5,6.307059E-5,6.307059E-5,6.307059E-5,6.307059E-5,7.883824E-5,4.7302943E-5
119,San Jacinto (San Bernardino),2.5228236E-4,4.7302943E-5,1.10373534E-4,1.4190884E-4,2.0497943E-4,2.5228236E-4,7.883824E-5
289,San Jacinto (San Jacinto Valley) rev,2.0497943E-4,3.1535295E-5,7.883824E-5,1.10373534E-4,1.5767648E-4,2.0497943E-4,4.7302943E-5
401,San Jacinto (Stepovers Combined),2.0497943E-4,3.1535295E-5,7.883824E-5,1.10373534E-4,1.5767648E-4,2.0497943E-4,4.7302943E-5
28,San Jacinto (Superstition Mtn),3.1535295E-5,0.0,0.0,1.5767648E-5,1.5767648E-5,3.1535295E-5,0.0
143,San Joaquin Hills,1.5767648E-5,0.0,0.0,0.0,0.0,1.5767648E-5,0.0
107,San Jose,1.5767648E-5,0.0,0.0,0.0,1.5767648E-5,1.5767648E-5,0.0
31,San Juan,0.0,0.0,0.0,0.0,0.0,0.0,0.0
692,San Luis Range - Oceano 2011 CFM,0.0,0.0,0.0,0.0,0.0,0.0,0.0
693,San Luis Range - Pecho 2011 CFM,0.0,0.0,0.0,0.0,0.0,0.0,0.0
691,San Luis Range 2011 CFM,0.0,0.0,0.0,0.0,0.0,0.0,0.0
181,San Pedro Basin,0.0,0.0,0.0,0.0,0.0,0.0,0.0
183,San Pedro Escarpment,0.0,0.0,0.0,0.0,0.0,0.0,0.0
198,San Vicente,0.0,0.0,0.0,0.0,0.0,0.0,0.0
775,Santa Cruz Catalina Ridge alt1,1.5767648E-5,0.0,1.5767648E-5,1.5767648E-5,1.5767648E-5,1.5767648E-5,1.5767648E-5
111,Santa Cruz Island,1.5767648E-5,0.0,1.5767648E-5,1.5767648E-5,1.5767648E-5,1.5767648E-5,1.5767648E-5
185,Santa Monica Bay,0.0,0.0,0.0,0.0,0.0,0.0,0.0
226,Santa Monica alt 1,3.1535295E-5,3.1535295E-5,3.1535295E-5,3.1535295E-5,3.1535295E-5,3.1535295E-5,0.0
110,Santa Rosa Island,1.5767648E-5,0.0,1.5767648E-5,1.5767648E-5,1.5767648E-5,1.5767648E-5,1.5767648E-5
778,Santa Susana East (connector),0.0,0.0,0.0,0.0,0.0,0.0,0.0
227,Santa Susana alt 1,0.0,0.0,0.0,0.0,0.0,0.0,0.0
79,Santa Ynez (East),7.883824E-5,0.0,1.5767648E-5,3.1535295E-5,4.7302943E-5,7.883824E-5,1.5767648E-5
77,Santa Ynez (West),9.4605886E-5,0.0,1.5767648E-5,1.5767648E-5,3.1535295E-5,7.883824E-5,1.5767648E-5
781,Santa Ynez River,0.0,0.0,0.0,0.0,0.0,0.0,0.0
662,Sargent 2011 CFM,0.0,0.0,0.0,0.0,0.0,0.0,0.0
209,Scodie Lineament,0.0,0.0,0.0,0.0,0.0,0.0,0.0
885,Sheephole,0.0,0.0,0.0,0.0,0.0,0.0,0.0
547,Shoreline,0.0,0.0,0.0,0.0,0.0,0.0,0.0
114,Sierra Madre,1.5767648E-5,0.0,0.0,1.5767648E-5,1.5767648E-5,1.5767648E-5,0.0
113,Sierra Madre (San Fernando),0.0,0.0,0.0,0.0,0.0,0.0,0.0
210,Sierra Nevada  (No Extension),0.0010406647,3.311206E-4,5.2033237E-4,5.6763535E-4,8.3568535E-4,0.0010406647,5.2033237E-4
664,Silver Creek 2011 CFM,0.0,0.0,0.0,0.0,0.0,0.0,0.0
115,Simi-Santa Rosa,1.5767648E-5,0.0,0.0,0.0,0.0,1.5767648E-5,0.0
202,Sisar,0.0,0.0,0.0,0.0,0.0,0.0,0.0
694,Skinner Flat 2011 CFM,0.0,0.0,0.0,0.0,0.0,0.0,0.0
63,So Sierra Nevada,0.003137762,0.0011510383,0.0017344413,0.0019867236,0.002554359,0.003137762,0.0015136942
189,South Cuyama,0.0,0.0,0.0,0.0,0.0,0.0,0.0
719,South Klamath Lake East,0.0,0.0,0.0,0.0,0.0,0.0,0.0
720,South Klamath Lake West,0.0,0.0,0.0,0.0,0.0,0.0,0.0
98,Superstition Hills,1.5767648E-5,0.0,0.0,0.0,0.0,1.5767648E-5,0.0
708,Surprise Valley 2011 CFM,0.0,0.0,0.0,0.0,0.0,0.0,0.0
695,Swain Ravine - Spenceville,0.0,0.0,0.0,0.0,0.0,0.0,0.0
15,Table Bluff,0.0,0.0,0.0,0.0,0.0,0.0,0.0
145,Tank Canyon,6.622412E-4,1.10373534E-4,1.8921177E-4,3.1535295E-4,4.7302945E-4,6.622412E-4,1.5767648E-4
174,Thirty Mile Bank,0.0,0.0,0.0,0.0,0.0,0.0,0.0
887,Tin Mountain,0.0,0.0,0.0,0.0,0.0,0.0,0.0
886,Towne Pass,9.4605886E-5,1.5767648E-5,1.5767648E-5,3.1535295E-5,4.7302943E-5,9.4605886E-5,1.5767648E-5
19,Trinidad (alt1),0.0,0.0,0.0,0.0,0.0,0.0,0.0
117,Ventura-Pitas Point,1.5767648E-5,0.0,0.0,0.0,1.5767648E-5,1.5767648E-5,0.0
112,Verdugo,0.0,0.0,0.0,0.0,0.0,0.0,0.0
696,Walker Spring 2011 CFM,0.0,0.0,0.0,0.0,0.0,0.0,0.0
665,West Napa 2011 CFM,0.0,0.0,0.0,0.0,0.0,0.0,0.0
321,West Tahoe,0.0,0.0,0.0,0.0,0.0,0.0,0.0
44,White Mountains,0.0,0.0,0.0,0.0,0.0,0.0,0.0
253,White Wolf,3.1535295E-5,0.0,0.0,0.0,1.5767648E-5,3.1535295E-5,0.0
254,White Wolf (Extension),1.5767648E-5,0.0,0.0,0.0,0.0,1.5767648E-5,0.0
236,Whittier alt 1,0.0,0.0,0.0,0.0,0.0,0.0,0.0
697,Wight Way 2011 CFM,0.0,0.0,0.0,0.0,0.0,0.0,0.0
206,Yorba Linda,0.0,0.0,0.0,0.0,0.0,0.0,0.0
715,Zayante-Vergeles 2011 CFM,0.0,0.0,0.0,0.0,0.0,0.0,0.0
